Iteration 0:
joint vector : [ 3.   0.5 -2.   2.5 -1.2 -2.3]
SE(3) end−effector config:[[ 0.40443493  0.79765849  0.44740733 -0.29624648 -0.68492353  0.58834873
  -0.42979708 -0.09788663 -0.60606282 -0.13261486  0.78428385  0.28924474
   0.          0.          0.          1.        ]]
error twist V_b : [ 0.64999553  0.92201076 -0.17058248  0.05792944 -0.1354277  -0.32895063]
angular error magnitude ||omega_b||:1.12809486775
linear error magnitude ||v_b||:0.147297255353


Iteration 1:
joint vector : [ 2.77212686  1.00369483 -1.75583407  1.40456434 -0.22410167 -2.16591879]
SE(3) end−effector config:[[ 0.40443493  0.79765849  0.44740733 -0.29624648 -0.68492353  0.58834873
  -0.42979708 -0.09788663 -0.60606282 -0.13261486  0.78428385  0.28924474
   0.          0.          0.          1.        ]]
error twist V_b : [ 0.64999553  0.92201076 -0.17058248  0.05792944 -0.1354277  -0.32895063]
angular error magnitude ||omega_b||:1.12809486775
linear error magnitude ||v_b||:0.147297255353


Iteration 2:
joint vector : [ 2.5195191   0.71312374 -2.1555363   0.43185144 -0.50158164 -0.5424822 ]
SE(3) end−effector config:[[ 0.01880458  0.98210065 -0.18741584 -0.48077922 -0.14088205 -0.18297605
  -0.97297072 -0.01644126 -0.98984778  0.04469984  0.13491957 -0.06608071
   0.          0.          0.          1.        ]]
error twist V_b : [-0.18691502  0.13918087 -0.03204695 -0.17422579 -0.02698054 -0.10263567]
angular error magnitude ||omega_b||:0.233041926417
linear error magnitude ||v_b||:0.17630250724


Iteration 3:
joint vector : [ 2.5481962   0.58495163 -1.80484543  1.22017712 -0.32236463 -1.56477432]
SE(3) end−effector config:[[ 0.20882517  0.92972899 -0.30330851 -0.45579896  0.35696527 -0.36121215
  -0.86145318  0.10422948 -0.91047671  0.07162251 -0.40731115  0.11585796
   0.          0.          0.          1.        ]]
error twist V_b : [-0.34983477 -0.40235087 -0.14764078  0.01099734 -0.04389005  0.01489921]
angular error magnitude ||omega_b||:0.533170324913
linear error magnitude ||v_b||:0.0452468550463


Iteration 4:
joint vector : [ 2.58062289  0.61975928 -1.72672783  1.10945877 -0.56096936 -1.57311046]
SE(3) end−effector config:[[ 6.03701922e-03  9.63476249e-01 -2.67725740e-01 -4.88357737e-01
  -1.77066059e-03 -2.67719900e-01 -9.63495158e-01  1.04100122e-01
  -9.99980209e-01  6.29069021e-03  8.97592433e-05  1.27452404e-01
   0.00000000e+00  0.00000000e+00  0.00000000e+00  1.00000000e+00]]
error twist V_b : [-0.27103065  0.0009417  -0.00624001  0.02741875 -0.01110148  0.00564365]
angular error magnitude ||omega_b||:0.271032286398
linear error magnitude ||v_b||:0.0295809136554


Iteration 5:
joint vector : [ 2.58618004  0.61547236 -1.72695716  1.11150683 -0.55541109 -1.57082234]
SE(3) end−effector config:[[-2.05568812e-04  9.99999979e-01 -1.80534567e-06 -4.99218287e-01
  -1.32480956e-03 -2.07768366e-06 -9.99999122e-01  1.02930410e-01
  -9.99999101e-01 -2.05566240e-04  1.32480996e-03  9.78361280e-02
   0.00000000e+00  0.00000000e+00  0.00000000e+00  1.00000000e+00]]
error twist V_b : [-1.94151525e-06  1.32481016e-03  2.05567588e-04 -2.16185018e-03
 -7.81932386e-04  2.93184416e-03]
angular error magnitude ||omega_b||:0.00132481158051
linear error magnitude ||v_b||:0.00229891592793
